#      Cp
     0.32433
     0.20182
     0.14828
     0.10373
     0.06687
     0.03481
     0.00641
    -0.01924
    -0.04278
    -0.06470
    -0.08535
    -0.10501
    -0.12390
    -0.14218
    -0.16000
    -0.17747
    -0.19468
    -0.21173
    -0.22868
    -0.24558
    -0.26251
    -0.27952
    -0.29663
    -0.31391
    -0.33140
    -0.34913
    -0.36715
    -0.38548
    -0.40416
    -0.42324
    -0.44274
    -0.46271
    -0.48317
    -0.50416
    -0.52574
    -0.54792
    -0.57078
    -0.59435
    -0.61869
    -0.64385
    -0.66992
    -0.69694
    -0.72503
    -0.75428
    -0.78479
    -0.81671
    -0.85020
    -0.88545
    -0.92269
    -0.96220
    -1.00429
    -1.04938
    -1.09794
    -1.15050
    -1.20769
    -1.27010
    -1.33828
    -1.41255
    -1.49287
    -1.57878
    -1.66945
    -1.76390
    -1.86121
    -1.96059
    -2.06132
    -2.16268
    -2.26370
    -2.36287
    -2.45793
    -2.54531
    -2.61965
    -2.67302
    -2.69436
    -2.66917
    -2.58040
    -2.41181
    -2.15424
    -1.81291
    -1.41215
    -0.99137
    -0.57465
    -0.17394
     0.18536
     0.47974
     0.70026
     0.85047
     0.94135
     0.98606
     0.99670
     0.98310
     0.95266
     0.91072
     0.86106
     0.80632
     0.74835
     0.68852
     0.62790
     0.56749
     0.50828
     0.45137
     0.39778
     0.34843
     0.30386
     0.26423
     0.22939
     0.19895
     0.17247
     0.14947
     0.12951
     0.11220
     0.09719
     0.08419
     0.07296
     0.06327
     0.05495
     0.04781
     0.04175
     0.03662
     0.03234
     0.02880
     0.02592
     0.02363
     0.02188
     0.02060
     0.01976
     0.01929
     0.01917
     0.01937
     0.01987
     0.02062
     0.02160
     0.02283
     0.02427
     0.02591
     0.02774
     0.02977
     0.03200
     0.03444
     0.03707
     0.03993
     0.04302
     0.04637
     0.05002
     0.05399
     0.05833
     0.06310
     0.06838
     0.07425
     0.08083
     0.08829
     0.09682
     0.10673
     0.11840
     0.13242
     0.14961
     0.17120
     0.19982
     0.23761
     0.33845
