#      Cp
     0.32403
     0.21120
     0.16514
     0.12828
     0.09887
     0.07415
     0.05289
     0.03423
     0.01754
     0.00237
    -0.01158
    -0.02459
    -0.03683
    -0.04845
    -0.05956
    -0.07027
    -0.08063
    -0.09073
    -0.10061
    -0.11031
    -0.11989
    -0.12937
    -0.13876
    -0.14811
    -0.15743
    -0.16675
    -0.17606
    -0.18539
    -0.19475
    -0.20413
    -0.21355
    -0.22301
    -0.23252
    -0.24206
    -0.25163
    -0.26124
    -0.27087
    -0.28050
    -0.29013
    -0.29973
    -0.30929
    -0.31878
    -0.32817
    -0.33744
    -0.34653
    -0.35541
    -0.36402
    -0.37231
    -0.38018
    -0.38756
    -0.39433
    -0.40036
    -0.40547
    -0.40946
    -0.41207
    -0.41297
    -0.41178
    -0.40809
    -0.40143
    -0.39144
    -0.37777
    -0.36013
    -0.33823
    -0.31172
    -0.28009
    -0.24270
    -0.19866
    -0.14689
    -0.08609
    -0.01474
     0.06871
     0.16564
     0.27680
     0.40138
     0.53592
     0.67297
     0.80071
     0.90466
     0.97159
     0.99439
     0.97159
     0.90466
     0.80071
     0.67297
     0.53592
     0.40138
     0.27680
     0.16564
     0.06871
    -0.01474
    -0.08609
    -0.14689
    -0.19866
    -0.24270
    -0.28009
    -0.31172
    -0.33823
    -0.36013
    -0.37777
    -0.39144
    -0.40143
    -0.40809
    -0.41178
    -0.41297
    -0.41207
    -0.40946
    -0.40547
    -0.40036
    -0.39433
    -0.38756
    -0.38018
    -0.37231
    -0.36402
    -0.35541
    -0.34653
    -0.33744
    -0.32817
    -0.31878
    -0.30929
    -0.29973
    -0.29013
    -0.28050
    -0.27087
    -0.26124
    -0.25163
    -0.24206
    -0.23252
    -0.22301
    -0.21355
    -0.20413
    -0.19475
    -0.18539
    -0.17606
    -0.16675
    -0.15743
    -0.14811
    -0.13876
    -0.12937
    -0.11989
    -0.11031
    -0.10061
    -0.09073
    -0.08063
    -0.07027
    -0.05956
    -0.04845
    -0.03683
    -0.02459
    -0.01158
     0.00237
     0.01754
     0.03423
     0.05289
     0.07415
     0.09887
     0.12828
     0.16514
     0.21120
     0.32403
