#      Cp
     0.32943
     0.22234
     0.18033
     0.14753
     0.12202
     0.10106
     0.08343
     0.06828
     0.05501
     0.04319
     0.03253
     0.02278
     0.01378
     0.00539
    -0.00249
    -0.00995
    -0.01705
    -0.02384
    -0.03037
    -0.03667
    -0.04279
    -0.04874
    -0.05454
    -0.06020
    -0.06574
    -0.07118
    -0.07651
    -0.08172
    -0.08684
    -0.09185
    -0.09674
    -0.10150
    -0.10611
    -0.11057
    -0.11485
    -0.11893
    -0.12279
    -0.12637
    -0.12966
    -0.13260
    -0.13514
    -0.13723
    -0.13880
    -0.13977
    -0.14005
    -0.13955
    -0.13813
    -0.13566
    -0.13197
    -0.12687
    -0.12011
    -0.11142
    -0.10048
    -0.08686
    -0.07014
    -0.04983
    -0.02542
     0.00351
     0.03720
     0.07570
     0.11882
     0.16625
     0.21768
     0.27291
     0.33184
     0.39447
     0.46081
     0.53082
     0.60416
     0.68010
     0.75712
     0.83247
     0.90162
     0.95756
     0.99060
     0.98896
     0.94132
     0.84083
     0.68952
     0.49659
     0.26848
     0.01684
    -0.23492
    -0.46478
    -0.65877
    -0.81195
    -0.92626
    -1.00714
    -1.06101
    -1.09382
    -1.11052
    -1.11499
    -1.11016
    -1.09821
    -1.08074
    -1.05895
    -1.03373
    -1.00587
    -0.97604
    -0.94495
    -0.91334
    -0.88184
    -0.85101
    -0.82122
    -0.79265
    -0.76531
    -0.73918
    -0.71416
    -0.69013
    -0.66702
    -0.64472
    -0.62315
    -0.60225
    -0.58196
    -0.56223
    -0.54302
    -0.52429
    -0.50603
    -0.48820
    -0.47077
    -0.45373
    -0.43706
    -0.42074
    -0.40476
    -0.38911
    -0.37374
    -0.35867
    -0.34386
    -0.32932
    -0.31500
    -0.30090
    -0.28701
    -0.27330
    -0.25973
    -0.24631
    -0.23300
    -0.21976
    -0.20657
    -0.19340
    -0.18022
    -0.16696
    -0.15360
    -0.14007
    -0.12632
    -0.11226
    -0.09782
    -0.08289
    -0.06735
    -0.05102
    -0.03371
    -0.01517
     0.00495
     0.02713
     0.05199
     0.08042
     0.11362
     0.15441
     0.20434
     0.32233
