#      Cp
     0.33001
     0.20367
     0.14681
     0.09873
     0.05835
     0.02282
    -0.00903
    -0.03807
    -0.06497
    -0.09022
    -0.11419
    -0.13717
    -0.15940
    -0.18104
    -0.20226
    -0.22318
    -0.24389
    -0.26450
    -0.28508
    -0.30571
    -0.32646
    -0.34738
    -0.36855
    -0.38999
    -0.41178
    -0.43396
    -0.45659
    -0.47973
    -0.50340
    -0.52767
    -0.55261
    -0.57825
    -0.60466
    -0.63190
    -0.66004
    -0.68916
    -0.71933
    -0.75064
    -0.78319
    -0.81708
    -0.85245
    -0.88942
    -0.92817
    -0.96888
    -1.01177
    -1.05708
    -1.10515
    -1.15632
    -1.21104
    -1.26984
    -1.33336
    -1.40237
    -1.47783
    -1.56083
    -1.65266
    -1.75469
    -1.86825
    -1.99442
    -2.13371
    -2.28595
    -2.45038
    -2.62591
    -2.81160
    -3.00678
    -3.21109
    -3.42446
    -3.64662
    -3.87687
    -4.11355
    -4.35332
    -4.59012
    -4.81375
    -5.00816
    -5.14989
    -5.20789
    -5.14680
    -4.93622
    -4.56452
    -4.05185
    -3.45318
    -2.80709
    -2.12854
    -1.45889
    -0.84911
    -0.33188
     0.08129
     0.39558
     0.62471
     0.78482
     0.89094
     0.95558
     0.98864
     0.99767
     0.98833
     0.96488
     0.93056
     0.88794
     0.83920
     0.78635
     0.73142
     0.67636
     0.62291
     0.57244
     0.52577
     0.48324
     0.44485
     0.41037
     0.37948
     0.35181
     0.32702
     0.30480
     0.28485
     0.26693
     0.25082
     0.23631
     0.22325
     0.21148
     0.20087
     0.19130
     0.18267
     0.17489
     0.16786
     0.16154
     0.15584
     0.15071
     0.14610
     0.14197
     0.13826
     0.13497
     0.13203
     0.12943
     0.12715
     0.12516
     0.12346
     0.12201
     0.12083
     0.11990
     0.11922
     0.11880
     0.11864
     0.11874
     0.11912
     0.11982
     0.12085
     0.12225
     0.12407
     0.12638
     0.12925
     0.13279
     0.13715
     0.14251
     0.14914
     0.15741
     0.16788
     0.18134
     0.19900
     0.22341
     0.25687
     0.35100
