1 (918, 0.9105046586065213, 5)
2 (1056, 0.9999805766784161, 5)
3 (1081, 0.977052393662793, 5)
4 (35, 0.8035001899406666, 6)
5 (976, 0.9330795632032151, 5)
6 (279, 0.9597565073371666, 5)
7 (968, 0.997420592235218, 7)
8 (590, 0.8646937307646155, 6)
9 (113, 0.9644943052520143, 5)
10 (1202, 0.9724294104431036, 5)
11 (534, 0.8911591665384819, 6)
12 (1124, 0.8703624165090712, 5)
13 (18, 0.9471075885630769, 7)
14 (1298, 0.9163102639452764, 5)
15 (896, 0.8949404516679407, 5)
16 (305, 0.9365095580497602, 7)
17 (971, 0.9606025081392936, 5)
18 (13, 0.9471075885630769, 7)
19 (959, 0.9324047829075487, 6)
20 (1401, 0.9601696430647553, 5)
21 (829, 0.9934393019108081, 6)
22 (918, 0.8513334134927816, 5)
23 (1169, 0.9993916148465942, 6)
24 (1296, 0.9441107968092948, 5)
25 (834, 0.8103529509841106, 13)
26 (1141, 0.9710732504078977, 5)
27 (972, 0.9608116977294187, 5)
28 (1084, 0.9573211397967165, 9)
29 (1145, 0.8411910241920598, 6)
30 (1048, 0.9484641368073832, 8)
31 (1479, 0.9863108641351972, 5)
32 (580, 0.9540632730462423, 5)
33 (733, 0.9550460438528643, 5)
34 (155, 0.8988495480571209, 5)
35 (112, 0.9635565145215006, 5)
36 (289, 0.8685156396888352, 5)
37 (480, 0.8693458395542805, 5)
38 (1160, 0.9461351288051069, 5)
39 (593, 0.9654985422430973, 5)
40 (1160, 0.9777608341380515, 7)
41 (663, 0.9977879402459608, 5)
42 (1111, 0.96426377139698, 5)
43 (529, 0.9998957532476546, 5)
44 (730, 0.9955649066336422, 5)
45 (745, 0.9741239626450379, 7)
46 (1113, 0.9543808572296373, 5)
47 (1187, 0.8296762333689162, 7)
48 (1214, 0.9855488907597538, 5)
49 (362, 0.9146000261313465, 5)
50 (1269, 0.9095294360811678, 9)
51 (1479, 0.9860867841127201, 6)
52 (1066, 0.9483736755559585, 6)
53 (1480, 0.8972500195007987, 6)
54 (1415, 0.9326301582628873, 6)
55 (791, 0.9019647343023938, 5)
56 (390, 0.8750961068357959, 8)
57 (537, 0.9496949600838128, 5)
58 (1099, 0.9160607618056473, 6)
59 (903, 0.998779175189675, 5)
60 (970, 0.9694440970028498, 5)
61 (1103, 0.9520728656494245, 8)
62 (1004, 0.999601090182518, 7)
63 (1040, 0.9134218166700857, 8)
64 (915, 0.8515805202216521, 7)
65 (1066, 0.9546495336815041, 5)
66 (918, 0.9567695834770228, 5)
67 (878, 0.8966344379789379, 5)
68 (641, 0.9222465069359809, 9)
69 (534, 0.7674513942003656, 5)
70 (1085, 0.9241261020796631, 6)
71 (1459, 0.9325569620349331, 5)
72 (342, 0.921703247740958, 5)
73 (950, 0.9609106168904019, 5)
74 (143, 0.9034208117720847, 6)
75 (168, 0.9166810371381645, 5)
76 (1170, 0.9113766381572789, 5)
77 (1285, 0.9998829845310546, 6)
78 (35, 0.9281686735223789, 11)
79 (329, 0.8339525718432663, 10)
80 (639, 0.9784148037813067, 5)
81 (968, 0.9327086428254933, 5)
82 (1279, 0.9045855325470475, 5)
83 (350, 0.9677618432018501, 5)
84 (540, 0.8857714336415738, 5)
85 (1142, 0.9997204879427216, 5)
86 (725, 0.95363164823203, 8)
87 (1195, 0.9737071013057613, 5)
88 (621, 0.8991989635380873, 5)
89 (1200, 0.9207544897803461, 6)
90 (1263, 0.9142317819796103, 6)
91 (1249, 0.9233510446766753, 6)
92 (639, 0.9573804250614615, 11)
93 (1081, 0.97535253060743, 5)
94 (894, 0.8891577375285109, 5)
95 (1439, 0.95264773517075, 6)
96 (1441, 0.8713673620281559, 5)
97 (1531, 0.8869612458325542, 7)
98 (534, 0.8849183450650924, 7)
99 (424, 0.7939326435289912, 7)
100 (1312, 0.975526541560952, 6)
101 (979, 0.9561127444984994, 6)
102 (637, 0.9926603986851132, 5)
103 (628, 0.9868694195728921, 5)
104 (222, 0.33812727368064416, 5)
105 (1277, 0.9527952979749603, 5)
106 (940, 0.9706827683159609, 5)
107 (1221, 0.8981432410656234, 7)
108 (16, 0.9292105626049565, 7)
109 (1129, 0.9266913216636333, 8)
110 (450, 0.9938109350543891, 6)
111 (1002, 0.9953974145432161, 5)
112 (260, 0.9667627844433857, 5)
113 (9, 0.9644943052520143, 5)
114 (694, 0.962261566183724, 6)
115 (1047, 0.9604270044604781, 5)
116 (532, 0.9309966451602627, 5)
117 (918, 0.938168378638291, 6)
118 (1337, 0.9404601317208074, 8)
119
120 (1336, 0.9620009661276121, 5)
121 (555, 0.9456452031722544, 6)
122 (854, 0.8973000328840985, 5)
123 (1280, 0.9888148371633854, 5)
124 (1401, 0.9819874604749972, 5)
125 (1269, 0.9226367926413909, 6)
126 (1037, 1.3357174691418903, 5)
127 (1446, 0.9566591118539794, 6)
128 (813, 0.9743465806676767, 5)
129 (870, 0.9454807075041273, 5)
130 (825, 0.8987663073605874, 6)
131 (902, 0.9173109710582814, 6)
132 (534, 0.9357881222784978, 6)
133 (1218, 0.9482863641778988, 7)
134 (350, 0.994087587253975, 7)
135 (1085, 0.7910594511125585, 6)
136 (1454, 0.98137270099006, 5)
137 (1379, 0.999030159972344, 5)
138 (245, 0.9641182154319636, 5)
139 (354, 0.8789189273795843, 6)
140 (819, 0.8905426819062005, 6)
141 (370, 0.917404612707808, 6)
142 (103, 0.9806670893844951, 5)
143 (74, 0.9034208117720846, 6)
144 (985, 0.801531427983071, 6)
145 (350, 0.9326345473131253, 5)
146 (273, 0.9009145448725446, 6)
147 (1084, 0.9543738993977285, 5)
148 (1037, 1.3153944779849653, 5)
149 (583, 0.9622504486493764, 5)
150 (718, 0.8980714301122787, 5)
151 (320, 0.9353202394819149, 8)
152 (1221, 0.8483407084523865, 5)
153 (989, 0.9835765000028269, 5)
154 (947, 0.8778628012303841, 5)
155 (1471, 0.9377237552858528, 5)
156 (1159, 0.9243434481252013, 5)
157 (872, 0.8674237701349112, 5)
158 (495, 0.9966140416565169, 6)
159 (279, 0.8626074704865621, 5)
160 (1174, 0.983675709664478, 5)
161 (1072, 0.9756795282875386, 6)
162 (812, 0.9233451368376682, 6)
163 (1034, 0.9084401555296999, 5)
164 (918, 0.9609789328710904, 5)
165 (946, 0.906386316011355, 5)
166 (775, 0.9454708997371528, 5)
167 (967, 0.9424556203461105, 6)
168 (1522, 0.967374409121601, 5)
169 (733, 0.923267081174499, 5)
170 (1268, 0.9602049313304473, 5)
171 (1401, 0.943757832005704, 5)
172 (534, 0.8727643944023564, 6)
173 (1269, 0.8495395637330373, 7)
174 (1300, 0.9756238770314447, 5)
175 (1401, 0.927240105212986, 8)
176 (958, 0.9642726332070574, 5)
177 (936, 0.9558640439078977, 5)
178 (1404, 0.8800957569431994, 5)
179 (1111, 0.9283223364915419, 6)
180 (698, 0.8985026888735527, 6)
181 (1300, 0.946158958086681, 6)
182 (996, 0.9634391598210418, 5)
183 (1531, 0.9539204833439723, 5)
184 (836, 0.985320165968767, 5)
185 (912, 0.8910421112136305, 5)
186 (267, 0.9462522355505119, 5)
187 (1298, 0.893629468062442, 6)
188 (1022, 0.8827724263778486, 6)
189 (656, 0.9970659888263463, 7)
190 (1147, 0.876306638587547, 9)
191 (995, 0.8926939845170079, 8)
192 (500, 0.8228674474962542, 10)
193 (1263, 0.8331444314653099, 6)
194 (1148, 0.9471226047850471, 5)
195 (329, 0.830777931974834, 10)
196 (1111, 0.9239329978412519, 7)
197 (534, 0.8813398747550214, 6)
198 (1022, 0.9220510763578089, 5)
199 (1249, 0.9660812415250689, 5)
200 (1148, 0.9603424532752195, 5)
201 (1249, 0.9191840897189535, 5)
202 (1298, 0.9117531583717994, 5)
203 (1479, 0.9409374090469468, 6)
204 (267, 0.8513316626971258, 7)
205 (334, 0.9420328642994406, 7)
206 (966, 0.9407363890506525, 5)
207 (1159, 0.9693654755542761, 5)
208 (916, 0.9424765747124575, 5)
209 (964, 0.9235854641980559, 5)
210 (1105, 0.9090529106134458, 5)
211 (1441, 0.9701447437095518, 5)
212 (1193, 0.9585632268293189, 7)
213 (943, 0.9521995692301728, 7)
214 (925, 0.9119433109304895, 5)
215 (918, 0.8748741808791256, 5)
216 (1531, 0.8804266162515181, 5)
217 (1002, 0.9473794434556978, 5)
218 (1015, 0.897294008867736, 5)
219 (963, 0.9031992473690685, 5)
220 (1190, 0.9344959911542167, 5)
221 (337, 0.9628330657065727, 5)
222 (1190, 0.929563096331388, 6)
223 (1084, 0.9550031243535873, 6)
224 (459, 0.9541723211785125, 5)
225 (440, 0.8961573102859123, 6)
226 (621, 0.9393305539729137, 6)
227 (1225, 0.945225686716061, 5)
228 (730, 0.876643377285918, 10)
229 (900, 0.9551413388758915, 5)
230 (1192, 0.9526493801893106, 5)
231 (915, 0.8365005922585014, 5)
232 (456, 0.9245192055314757, 11)
233 (112, 0.9414026115484513, 5)
234 (439, 1.032916761666321, 5)
235 (1252, 0.9955466822689245, 5)
236 (1277, 0.968770527981977, 5)
237 (1278, 0.7640976088958314, 11)
238 (1117, 0.7489739114074888, 9)
239 (1409, 0.9669680236228978, 5)
240 (1129, 0.8935808991320983, 5)
241 (1058, 0.9379199309001988, 7)
242 (1171, 0.9881085727135195, 6)
243 (1036, 0.9803705738219468, 6)
244 (1115, 0.9633875869796721, 5)
245 (1171, 0.9981702807382693, 5)
246 (268, 0.9363838032551525, 112)
247 (252, 0.9116392733783072, 5)
248 (1081, 0.9441430173581775, 5)
249 (267, 0.9135596589484135, 5)
250 (1415, 0.9161127598025948, 5)
251 (384, 0.9499489654569055, 5)
252 (1045, 0.9344430250354929, 5)
253 (1115, 0.9224766372116106, 5)
254 (1273, 0.9459242382777939, 5)
255 (938, 0.9634956063469255, 5)
256 (741, 0.9970520568355135, 5)
257 (556, 0.9168341821524181, 5)
258 (113, 0.9323744130289521, 5)
259 (1059, 0.9107077896393855, 7)
260 (112, 0.9667627844433858, 5)
261 (760, 0.9610710002753654, 5)
262 (691, 0.9470389446810362, 6)
263 (990, 0.8827805579425889, 5)
264 (112, 0.9332263478508832, 5)
265 (996, 0.9138219493847277, 7)
266 (1295, 0.9956841844259399, 5)
267 (186, 0.946252235550512, 5)
268 (1081, 0.9459164707686187, 6)
269 (884, 0.9591082126620292, 5)
270 (1208, 0.9837279670640017, 5)
271 (1268, 0.9338845455705443, 5)
272 (812, 0.8992529399654764, 5)
273 (146, 0.9009145448725446, 6)
274 (1278, 0.8751609290713354, 9)
275 (853, 0.9583906026912336, 5)
276 (1379, 0.984518036661603, 6)
277 (576, 0.9487085563598057, 5)
278 (569, 0.9033185667102372, 5)
279 (789, 0.971967681485925, 5)
280 (1315, 0.9361743704785757, 5)
281 (787, 0.9976227712878385, 5)
282 (1518, 0.8964908946157534, 8)
283 (1099, 0.8544680039436789, 6)
284 (1300, 0.9292234640109186, 5)
285 (1086, 0.9377678370702819, 10)
286 (1344, 0.946156906461958, 5)
287 (635, 0.9631809935188897, 5)
288 (1083, 0.8701628818886524, 5)
289 (574, 0.9844290650622277, 5)
290 (1248, 0.9891406341435841, 5)
291 (1063, 0.9099567799551471, 5)
292 (1105, 0.9320165354407751, 5)
293 (669, 0.8276840073984293, 5)
294 (1252, 0.9689388261812513, 5)
295 (383, 0.8946658226761817, 5)
296 (297, 0.7931108373589884, 5)
297 (447, 1.0, 5)
298 (853, 0.9985529469171365, 7)
299 (1038, 0.9063375318943416, 6)
300 (1114, 0.8795176608161012, 5)
301 (1093, 0.9313351258253969, 7)
302 (766, 0.998969886105648, 5)
303 (714, 0.9537174792677079, 5)
304 (918, 0.9689379769035703, 5)
305 (16, 0.9365095580497602, 7)
306 (1008, 0.9209040631477969, 8)
307 (932, 0.944604658698762, 9)
308 (681, 0.9449624906242163, 6)
309 (294, 0.8476101146210808, 22)
310 (503, 0.9082642747741884, 5)
311 (1163, 0.9549544851622431, 6)
312 (609, 0.9665151939932516, 6)
313 (314, 1.3103401258108478, 5)
314 (313, 1.3103401258108478, 5)
315 (601, 0.8376799984995152, 7)
316 (656, 0.9285091645109815, 7)
317 (459, 0.9473750709979606, 6)
318 (1150, 0.9411705527989956, 5)
319 (695, 0.9079428000186287, 5)
320 (151, 0.935320239481915, 8)
321 (718, 0.9166741608852402, 5)
322 (1297, 0.9650501953113454, 6)
323 (1094, 0.8814645881598538, 5)
324 (361, 0.9808529168149817, 5)
325 (1040, 0.8887572070269069, 5)
326 (398, 0.9371202319140506, 5)
327 (584, 0.9463518013897545, 7)
328 (1249, 0.9389958213508044, 5)
329 (925, 0.9613377646094391, 5)
330 (279, 0.9487964072315697, 5)
331 (19, 0.9081547682613965, 6)
332 (842, 0.9823592792693036, 5)
333 (986, 0.9488128702731027, 5)
334 (205, 0.9420328642994404, 7)
335 (235, 0.948133802971172, 5)
336 (876, 0.9509419089177816, 7)
337 (221, 0.9628330657065727, 5)
338 (1059, 0.9336714191642063, 5)
339 (535, 0.9147202587043691, 7)
340 (854, 0.8931774664222687, 5)
341 (332, 0.9555397280934035, 5)
342 (72, 0.921703247740958, 5)
343 (532, 0.9590738636057591, 5)
344 (904, 0.9428104332920236, 5)
345 (820, 0.8732828917104498, 5)
346 (723, 0.9549780095138677, 6)
347 (1056, 0.8512879007860399, 5)
348 (448, 0.9693177981923579, 5)
349 (539, 0.9293018140531768, 7)
350 (134, 0.994087587253975, 7)
351 (348, 0.930505381434879, 6)
352 (948, 0.8898242299511813, 7)
353 (243, 0.8863052361489621, 5)
354 (251, 0.9370106482643785, 9)
355 (922, 0.9457531209670605, 5)
356 (1285, 0.8957771529395363, 5)
357 (1262, 0.9254102724408205, 5)
358 (368, 0.8991986260345579, 9)
359 (360, 0.944058623365166, 6)
360 (1022, 0.9621680238777891, 5)
361 (324, 0.9808529168149817, 5)
362 (412, 0.9559992140185507, 5)
363 (734, 0.9458676435991272, 5)
364 (1230, 0.9109937953791116, 8)
365 (370, 0.9631000875787779, 5)
366 (220, 0.8994260335836852, 8)
367 (1277, 0.9989700733203888, 5)
368 (102, 0.9395562396409177, 5)
369 (463, 0.9027931583470993, 5)
370 (365, 0.9631000875787779, 5)
371 (1111, 0.9640358498871708, 5)
372 (789, 0.9991598427560651, 7)
373 (712, 0.9838573674576996, 5)
374 (496, 0.938148246173238, 5)
375 (975, 0.8979916709816744, 5)
376 (1000, 1.510966203435579, 5)
377 (790, 0.9706975651296078, 6)
378 (459, 0.8990261821227357, 8)
379 (538, 0.9531829764007812, 5)
380 (1437, 0.9014956073323697, 5)
381 (1111, 0.9954155694107679, 6)
382 (730, 0.9482889203567074, 13)
383 (738, 0.8956194410007525, 6)
384 (251, 0.9499489654569057, 5)
385 (958, 0.9288686525817546, 5)
386 (902, 0.9133317756278418, 6)
387 (1471, 0.9700662998902584, 5)
388 (254, 0.9017016930244685, 6)
389 (942, 0.9412728587090724, 5)
390 (56, 0.8750961068357959, 8)
391 (1274, 0.9651964169612491, 6)
392 (453, 0.8830242949118686, 5)
393 (1163, 0.7995715328235469, 5)
394 (155, 0.9067510653518751, 6)
395 (1140, 0.9230907634169401, 6)
396 (786, 0.9562080583731947, 5)
397 (939, 0.8968755764096619, 5)
398 (326, 0.9371202319140506, 5)
399 (639, 0.9486035918062514, 11)
400 (1029, 0.9809194787331421, 5)
401 (1067, 0.9194588926979548, 6)
402 (918, 0.9604429159119499, 5)
403 (261, 0.8619175284350477, 6)
404 (948, 0.8382928802079516, 5)
405 (1471, 0.9357738667839448, 7)
406 (659, 0.9464477343521017, 6)
407 (941, 0.9029751172732753, 7)
408 (459, 0.902752471839983, 6)
409 (1030, 0.9351740897689074, 5)
410 (1081, 0.9334120559521962, 7)
411 (965, 0.8918900254220155, 5)
412 (362, 0.9559992140185506, 5)
413 (976, 0.9717239436591095, 5)
414 (1004, 0.9293296883245508, 5)
415 (959, 0.9399981849962457, 5)
416 (1297, 0.9287149099627104, 5)
417 (996, 0.9296660716302234, 6)
418 (344, 0.8831269278467927, 5)
419 (261, 0.9030609479310318, 7)
420 (1218, 0.9669027744756439, 6)
421 (350, 0.9676613435387085, 5)
422 (43, 0.9352572688352987, 5)
423 (916, 0.8151625734498094, 9)
424 (457, 0.9999999999999998, 6)
425 (786, 0.9508480338962277, 7)
426 (1098, 0.9893423834907691, 5)
427 (1284, 0.8352357744089122, 5)
428 (1195, 0.9761435769372976, 6)
429 (279, 0.8878508556552844, 6)
430 (1154, 0.9141379262169076, 6)
431 (1459, 0.9383093118050609, 5)
432 (1043, 0.8943045188729529, 5)
433 (982, 0.84524865533171, 6)
434 (579, 0.9249503873138234, 5)
435 (1200, 0.9785507973769179, 6)
436 (1147, 0.8907383933424851, 7)
437 (234, 1.032916761666321, 5)
438 (379, 0.6212300678530721, 5)
439 (234, 1.032916761666321, 5)
440 (553, 0.8973120895672247, 5)
441 (1069, 0.935685472038628, 5)
442
443 (1117, 0.9286667967556752, 5)
444 (137, 0.9815884209495431, 5)
445 (608, 0.9309493362512627, 5)
446 (551, 0.926733982056573, 5)
447 (297, 1.0, 5)
448 (348, 0.969317798192358, 5)
449 (793, 0.9612387300591498, 5)
450 (110, 0.9938109350543891, 6)
451 (1483, 0.9018785420259366, 5)
452 (266, 0.9713493807588465, 5)
453 (794, 0.9575479386970784, 5)
454 (441, 0.918217414429042, 5)
455 (1376, 0.9412199965582991, 6)
456 (925, 0.9998906152765863, 6)
457 (424, 0.9999999999999997, 6)
458 (60, 0.9155588433748559, 7)
459 (717, 0.9643195503161549, 6)
460 (1048, 0.9426763792552537, 9)
461 (900, 0.9571947185827274, 7)
462 (1111, 0.951522360753128, 6)
463 (537, 0.9555010047586306, 7)
464 (964, 0.9556224205469755, 5)
465 (1208, 0.9832628887118993, 5)
466 (726, 0.9780533479510768, 5)
467 (608, 0.9748989840798804, 5)
468 (502, 0.9048552876911768, 7)
469 (1244, 0.9963438481348055, 5)
470 (1441, 0.95485543746362, 5)
471 (1167, 0.997438999879694, 5)
472 (980, 0.92068207595287, 7)
473 (733, 0.9979253089684581, 5)
474 (905, 0.9420413879802113, 5)
475 (1514, 0.9499206295498641, 5)
476 (918, 0.9127965673536926, 5)
477 (984, 0.9399029354618952, 6)
478 (714, 0.9910194527020783, 5)
479 (688, 0.9999999999999999, 5)
480 (1252, 0.9117535365416548, 5)
481 (334, 0.9072389190244157, 5)
482 (1298, 0.8960966279150951, 7)
483 (970, 0.9440987328794411, 5)
484 (1136, 0.9229338540884383, 5)
485 (266, 0.9271389949004964, 6)
486 (794, 0.8890648523383714, 7)
487 (783, 0.9649798934791197, 5)
488 (1069, 0.8881700424526485, 6)
489 (1142, 0.9096203750390438, 5)
490 (644, 0.8783495484707228, 7)
491 (1182, 0.938010791737536, 5)
492 (236, 0.8544594825843138, 6)
493 (10, 0.915471093572611, 8)
494 (1298, 0.9271726499455304, 6)
495 (158, 0.996614041656517, 6)
496 (374, 0.938148246173238, 5)
497 (717, 0.9219710204496813, 6)
498 (1407, 0.8406150749073659, 5)
499 (967, 0.9048703615602882, 5)
500 (614, 0.9733727346999819, 5)
501 (587, 0.9139494229974567, 5)
502 (1091, 0.9996807602939392, 5)
503 (1009, 0.9956603385461222, 5)
504 (587, 0.9503197555712116, 5)
505 (1099, 0.912196650252533, 5)
506 (1397, 0.9087224461633797, 5)
507 (760, 0.8542808028471215, 5)
508 (933, 0.8819262363677413, 10)
509 (793, 0.9542130066511377, 5)
510 (266, 0.9596655852678883, 7)
511 (1479, 0.9495328852261967, 5)
512 (1147, 0.9844951849708405, 5)
513 (970, 0.9138418217467937, 5)
514 (874, 0.8800491658045, 7)
515 (773, 0.9577044557998153, 6)
516 (1267, 0.9577454385357632, 5)
517 (843, 0.9158431736940537, 9)
518 (1182, 0.9427126408470777, 5)
519 (809, 0.9651964255902892, 6)
520 (1017, 1.0, 5)
521 (1086, 0.914535337758285, 6)
522 (1113, 0.9829366835508712, 5)
523 (869, 0.9999535279273667, 5)
524 (1194, 0.9995987602634585, 5)
525 (548, 0.9494526453867325, 5)
526 (535, 0.9108935206141496, 6)
527 (1172, 0.9313715143282709, 6)
528 (1200, 0.9742868110477537, 5)
529 (43, 0.9998957532476546, 5)
530 (782, 0.9459282294404021, 5)
531 (1058, 0.9783528784014843, 5)
532 (343, 0.9590738636057592, 5)
533 (902, 0.9498555893042983, 5)
534 (234, 0.9915616174472796, 5)
535 (581, 0.931131370261801, 5)
536 (387, 0.947711659727933, 5)
537 (1103, 0.9769467071012865, 6)
538 (379, 0.9531829764007813, 5)
539 (802, 0.9442386296364725, 5)
540 (1274, 0.9493041415011965, 6)
541 (812, 0.9084655957451517, 6)
542 (769, 0.899666925566036, 11)
543 (715, 0.9506005374757803, 6)
544 (887, 0.9622256901357928, 5)
545 (654, 0.9759610306511511, 5)
546 (592, 0.8767256278110248, 6)
547 (990, 0.9680074195551445, 5)
548 (525, 0.9494526453867326, 5)
549 (1400, 0.9547268409550472, 5)
550 (1056, 0.9948103602040101, 5)
551 (40, 0.9267471197113197, 5)
552 (812, 0.9455826881556056, 5)
553 (764, 0.9359631668036053, 7)
554 (557, 0.9377994522653719, 5)
555 (121, 0.9456452031722543, 6)
556 (849, 0.9751763449339357, 5)
557 (554, 0.9377994522653718, 5)
558 (446, 0.9153940385317046, 5)
559 (115, 0.8916615743336387, 5)
560 (379, 0.9424984897806269, 5)
561 (904, 0.9943232819456608, 5)
562 (786, 0.9582472375819128, 6)
563 (941, 0.943127807628538, 5)
564 (802, 0.9317345234826762, 5)
565 (1228, 0.9464560803664365, 5)
566 (1479, 0.9223392910727065, 6)
567 (260, 0.9351919061021006, 13)
568 (1284, 0.8620384504708655, 9)
569 (726, 0.9665336165896911, 5)
570 (1107, 0.9990027425986526, 9)
571 (998, 0.9411027845183718, 5)
572 (1098, 0.9169722864640931, 7)
573 (758, 0.8875200836659938, 5)
574 (289, 0.9844290650622276, 5)
575 (481, 0.8236154520027321, 5)
576 (918, 0.9649289101244835, 5)
577 (138, 0.8478790430712525, 5)
578 (1249, 0.9514088175762992, 8)
579 (826, 0.9624816602040703, 6)
580 (32, 0.9540632730462423, 5)
581 (535, 0.931131370261801, 5)
582 (906, 0.9551892116874661, 5)
583 (149, 0.9622504486493764, 5)
584 (753, 0.9672421853099169, 5)
585 (661, 0.9879305896018524, 5)
586 (304, 0.947443353115122, 5)
587 (504, 0.9503197555712117, 5)
588 (1269, 0.9916453978779005, 7)
589 (694, 0.9389408674147022, 6)
590 (758, 0.9362624106452752, 6)
591 (918, 0.8860045645592399, 5)
592 (92, 0.9560073764280085, 5)
593 (1011, 0.9984680335633545, 6)
594 (12, 0.5437262603479054, 5)
595 (783, 0.9336627756776754, 6)
596 (1139, 0.8736074872297632, 9)
597 (1518, 0.9031021018475532, 6)
598
599
600
601 (223, 0.9286323751107747, 9)
602 (749, 0.874322690808552, 6)
603 (1111, 0.9564188081229145, 6)
604 (820, 0.8555048294862984, 8)
605 (1298, 0.9284766908852597, 5)
606 (206, 0.9270382836478294, 7)
607 (63, 0.8910084713728603, 6)
608 (467, 0.9748989840798803, 5)
609 (1095, 0.9989103774416616, 5)
610 (138, 0.9257138299663339, 6)
611 (220, 0.9188630773666188, 5)
612 (728, 0.991836615470832, 5)
613 (921, 0.996709372677959, 6)
614 (1119, 0.9936874507954331, 6)
615 (1194, 0.9340133154214982, 8)
616 (1226, 0.9982952742169765, 5)
617 (630, 0.9090382066409914, 6)
618 (855, 0.8923376804304303, 7)
619 (948, 0.8979934940516349, 7)
620 (1107, 0.9985936671305067, 5)
621 (226, 0.9393305539729135, 6)
622 (639, 0.9501195405807493, 5)
623 (400, 0.955620174640915, 7)
624 (809, 0.985047567683379, 6)
625 (873, 0.9423327890068767, 6)
626
627 (873, 0.9721603857169857, 5)
628 (996, 0.9998940303926338, 5)
629 (1226, 0.9981343037034617, 5)
630 (617, 0.9090382066409914, 6)
631 (1195, 0.8223190796909178, 5)
632 (1401, 0.9338502263119333, 5)
633 (869, 0.9416211566576007, 5)
634 (707, 0.9278378263560453, 5)
635 (710, 0.9767210511002893, 6)
636 (813, 0.9406061543804671, 5)
637 (1060, 0.9995416677794935, 5)
638 (765, 0.9935241790055246, 6)
639 (745, 0.9955428999296083, 5)
640 (1404, 0.9336391561520377, 7)
641 (942, 0.9771750419069797, 6)
642 (887, 0.992671071090011, 5)
643
644 (416, 0.9222710155798182, 5)
645 (570, 0.9522169486560309, 7)
646 (1421, 0.9544178225569999, 5)
647 (1035, 0.9352638834991621, 7)
648 (1107, 0.9884386667442631, 5)
649 (972, 0.9802984333779718, 8)
650 (1099, 0.9571139159526753, 5)
651 (933, 0.808351500681754, 5)
652 (1203, 0.9397388350818521, 5)
653 (813, 0.9995737998259989, 5)
654 (545, 0.9759610306511511, 5)
655 (718, 0.8541044173080974, 8)
656 (189, 0.9970659888263463, 7)
657 (958, 0.9582924254447234, 5)
658 (980, 0.9135386110624212, 8)
659 (406, 0.9464477343521017, 6)
660 (1043, 0.9160854755017114, 5)
661 (585, 0.9879305896018523, 5)
662 (730, 0.9609499818079694, 6)
663 (41, 0.997787940245961, 5)
664 (1449, 0.98627781543284, 5)
665 (812, 0.9306656393169427, 5)
666 (638, 0.44611679020259537, 5)
667 (581, 0.8537258914119589, 6)
668 (561, 0.8853047233633006, 5)
669 (774, 0.9562995131614939, 6)
670 (1178, 0.9682013656635214, 5)
671 (1019, 0.8917076465249114, 5)
672 (923, 0.9604162744696216, 5)
673 (890, 0.893003008389402, 9)
674 (1222, 0.9502694586677055, 5)
675 (921, 0.9430381672214442, 8)
676 (761, 0.9777733388602794, 5)
677
678 (1289, 0.9325948380209572, 5)
679 (733, 0.9655492067712808, 5)
680 (825, 0.9844256767784575, 5)
681 (148, 0.9718456672223136, 5)
682 (650, 0.9475277523146113, 5)
683 (1280, 0.9671773765949876, 6)
684 (726, 0.9230884608557001, 7)
685 (656, 0.9791570310014026, 5)
686 (500, 0.9539511412890816, 7)
687 (802, 0.9167511413141299, 5)
688 (479, 1.0, 5)
689 (495, 0.9028497417563578, 5)
690 (963, 0.9180261816825399, 6)
691 (900, 0.9668306165459154, 6)
692 (918, 0.9243628053234078, 5)
693 (1428, 0.9995710277690808, 5)
694 (649, 0.9743592639375548, 6)
695 (319, 0.9079428000186286, 5)
696 (886, 0.9685004878590433, 5)
697 (785, 0.9714376576771574, 5)
698 (71, 0.9264373062837153, 5)
699 (725, 0.9967662644278464, 6)
700 (941, 0.9228859665788275, 5)
701 (132, 0.8637419373358332, 5)
702 (648, 0.9456437932663079, 9)
703 (638, 0.9596719780776225, 5)
704 (271, 0.9249642207930935, 5)
705 (979, 0.9554246138780425, 6)
706 (760, 0.8290806069887969, 5)
707 (733, 0.9680287077681164, 5)
708 (964, 0.9659480840423725, 5)
709 (1200, 0.9541994352756283, 5)
710 (635, 0.9767210511002894, 6)
711
712 (373, 0.9838573674576995, 5)
713 (1067, 0.9279966038694984, 7)
714 (478, 0.9910194527020784, 5)
715 (543, 0.9506005374757802, 6)
716 (943, 0.94149852663616, 6)
717 (801, 0.9999824074307093, 5)
718 (332, 0.9361974505586476, 5)
719 (1437, 0.9612112886809132, 5)
720 (1415, 0.9818705488632047, 5)
721 (698, 0.9215202998393506, 5)
722 (703, 0.932068510119561, 5)
723 (1400, 0.9993332372250715, 5)
724 (1167, 0.9483114941004265, 6)
725 (699, 0.9967662644278464, 6)
726 (466, 0.9780533479510768, 5)
727 (812, 0.9586564663562878, 6)
728 (612, 0.9918366154708321, 5)
729 (1124, 0.9704949588309459, 6)
730 (44, 0.9955649066336422, 5)
731 (619, 0.8280885518156711, 10)
732 (915, 0.9115257839359476, 6)
733 (473, 0.9979253089684581, 5)
734 (363, 0.9458676435991272, 5)
735 (1299, 0.9081598344243758, 5)
736 (105, 0.8581976554067157, 5)
737 (886, 0.9482154625274781, 5)
738 (574, 0.9439493056379241, 5)
739 (803, 0.9478827625008414, 6)
740 (956, 0.9682568229721518, 8)
741 (256, 0.9970520568355135, 5)
742 (1437, 0.9143321280873035, 5)
743 (728, 0.9489202104395554, 8)
744 (1136, 0.9994891522785199, 6)
745 (639, 0.9955428999296083, 5)
746 (1056, 0.9908193402206601, 5)
747 (1148, 0.9948193327435603, 6)
748 (1239, 0.8881031560354313, 10)
749 (696, 0.9372155782046852, 5)
750 (1067, 0.9327888862029448, 5)
751 (1062, 0.9123057671838126, 5)
752 (379, 0.9240569331446207, 5)
753 (1006, 0.9787397201582898, 6)
754 (359, 0.9247111363789181, 5)
755 (641, 0.9388585020458271, 5)
756 (999, 0.9594584349982578, 5)
757
758 (946, 0.9603126006819555, 5)
759 (1407, 0.9993188955228127, 5)
760 (261, 0.9610710002753654, 5)
761 (676, 0.9777733388602793, 5)
762 (1136, 0.8885110347554362, 8)
763 (1471, 0.9985378634769464, 5)
764 (620, 0.9572654805631305, 5)
765 (638, 0.9935241790055247, 6)
766 (302, 0.998969886105648, 5)
767 (760, 0.9033063644997, 5)
768 (916, 0.9475368413403323, 5)
769 (986, 0.9971829545963565, 5)
770 (786, 0.9840526150485234, 5)
771 (662, 0.9463742635831173, 5)
772 (1005, 0.9840196824310146, 5)
773 (515, 0.9577044557998153, 6)
774 (669, 0.956299513161494, 6)
775 (142, 0.9560840522144484, 7)
776 (421, 0.9512117637476143, 5)
777
778 (1066, 0.9746152252496751, 5)
779 (1136, 0.9386232003764641, 5)
780 (1140, 0.965794775376303, 5)
781 (837, 0.9193175923807427, 7)
782 (530, 0.9459282294404021, 5)
783 (1092, 0.9987728383705465, 5)
784
785 (697, 0.9714376576771574, 5)
786 (770, 0.9840526150485235, 5)
787 (281, 0.9976227712878385, 5)
788
789 (372, 0.9991598427560651, 7)
790 (377, 0.9706975651296078, 6)
791 (55, 0.9019647343023939, 5)
792 (1218, 0.8837352438216075, 5)
793 (449, 0.9612387300591497, 5)
794 (453, 0.9575479386970785, 5)
795 (932, 0.9149434340845172, 7)
796 (1209, 0.9007974545505977, 5)
797 (1178, 0.9311403260128313, 5)
798 (198, 0.907298653824954, 5)
799 (483, 0.8064182728265001, 5)
800 (85, 0.9639800678664129, 9)
801 (717, 0.9999824074307093, 5)
802 (556, 0.9451247121831626, 5)
803 (739, 0.9478827625008414, 6)
804 (117, 0.8776601578900377, 7)
805 (847, 0.9289050905654795, 7)
806 (372, 0.9986155937248525, 5)
807 (126, 0.9997826633085966, 5)
808 (1182, 0.9451940792019647, 6)
809 (624, 0.9850475676833791, 6)
810 (969, 0.9077375397824515, 5)
811 (463, 0.8870296021970931, 5)
812 (727, 0.9586564663562877, 6)
813 (653, 0.9995737998259988, 5)
814
815 (1157, 0.9669268911917387, 6)
816 (876, 0.953493425227216, 5)
817
818 (221, 0.9250181525999569, 6)
819 (834, 0.904274296747682, 5)
820 (279, 0.9614740202079302, 5)
821 (1133, 0.9429167685580969, 5)
822
823 (832, 0.8956761106795256, 6)
824 (1181, 0.9332844906226815, 5)
825 (680, 0.9844256767784575, 5)
826 (579, 0.9624816602040703, 6)
827 (821, 0.8838727929753395, 5)
828 (24, 0.9293032902563867, 5)
829 (21, 0.993439301910808, 6)
830
831 (1416, 0.9922026100638295, 5)
832 (823, 0.8956761106795256, 6)
833 (993, 0.9274240238585933, 6)
834 (765, 0.9577805208079657, 5)
835 (275, 0.919194488073651, 7)
836 (184, 0.985320165968767, 5)
837 (781, 0.9193175923807427, 7)
838
839
840 (1119, 0.9999998046101491, 5)
841 (873, 0.9665147475913911, 5)
842 (332, 0.9823592792693037, 5)
843 (1147, 0.9284766908852592, 5)
844 (854, 0.9347341956519607, 5)
845 (646, 0.9119112847391566, 5)
846 (354, 0.8738790757473665, 6)
847 (985, 0.9436623148466738, 5)
848 (525, 0.874052708361721, 7)
849 (556, 0.9751763449339356, 5)
850
851
852
853 (298, 0.9985529469171365, 7)
854 (1240, 0.978986171171, 5)
855 (1195, 0.9466605481149009, 5)
856 (1021, 0.9684643297537942, 6)
857
858
859 (928, 0.8712435628394134, 5)
860 (773, 0.907476199339308, 5)
861
862 (1231, 0.9006017386939459, 5)
863 (713, 0.8539608035164735, 7)
864 (1094, 0.9447375250617109, 5)
865 (305, 0.8968801002883985, 21)
866 (812, 0.9212619080114364, 7)
867 (462, 0.9012172674036747, 5)
868 (100, 0.8713331496992179, 5)
869 (523, 0.9999535279273667, 5)
870 (21, 0.9851431679562662, 5)
871 (759, 0.9416274767063177, 5)
872 (337, 0.9604459401601454, 5)
873 (627, 0.9721603857169856, 5)
874 (1265, 0.9332544361929548, 7)
875 (244, 0.91757416991492, 5)
876 (1276, 0.9586016351599593, 5)
877 (1152, 0.9379429217827662, 5)
878 (681, 0.9508909146444039, 8)
879 (912, 0.9548586760044533, 5)
880 (241, 0.9155414667661737, 6)
881 (1276, 0.9393600470182755, 5)
882 (883, 0.9620115707859935, 5)
883 (1038, 0.9744297660004619, 5)
884 (269, 0.9591082126620292, 5)
885 (1038, 0.9881457024349773, 5)
886 (938, 0.993272697790862, 5)
887 (642, 0.992671071090011, 5)
888 (1014, 0.915745033244189, 5)
889 (344, 0.7973032598957239, 6)
890 (719, 0.9350941317063313, 5)
891 (313, 0.4760900297236483, 5)
892 (1228, 0.9701750272237543, 6)
893 (328, 0.6572787484858972, 11)
894 (890, 0.8927543519012507, 9)
895 (1244, 0.9484012256119431, 5)
896 (1045, 0.9168020421520809, 5)
897
898 (931, 0.9988109518271394, 5)
899 (306, 0.8928320062287386, 5)
900 (691, 0.9668306165459154, 6)
901 (687, 0.9062016765961748, 5)
902 (533, 0.9498555893042983, 5)
903 (59, 0.998779175189675, 5)
904 (561, 0.9943232819456608, 5)
905 (474, 0.9420413879802114, 5)
906 (582, 0.955189211687466, 5)
907
908 (348, 0.939107720667035, 5)
909 (1062, 0.9554354294526681, 5)
910
911
912 (879, 0.9548586760044533, 5)
913
914 (332, 0.8023054914832712, 6)
915 (732, 0.9115257839359477, 6)
916 (23, 0.9517566125012754, 7)
917 (313, 0.9009694579177113, 7)
918 (51, 0.9706553246835675, 5)
919 (800, 0.9590313968754222, 7)
920
921 (613, 0.996709372677959, 6)
922 (873, 0.9556698863311582, 5)
923 (672, 0.9604162744696216, 5)
924 (779, 0.8954149196568776, 6)
925 (456, 0.9998906152765863, 6)
926 (985, 0.9592552556289337, 6)
927 (20, 0.8625956639987726, 5)
928 (1140, 0.935797865330989, 6)
929 (933, 0.9378660830650111, 5)
930 (1274, 0.9719331333005642, 5)
931 (898, 0.9988109518271395, 5)
932 (1152, 0.9472357674486203, 5)
933 (304, 0.9472576560133015, 5)
934 (59, 0.9599606880982575, 6)
935 (302, 0.9848780087049372, 5)
936 (620, 0.9883162335429303, 5)
937 (381, 0.8697898795954823, 5)
938 (886, 0.9932726977908621, 5)
939 (925, 0.9457819984641184, 9)
940 (106, 0.970682768315961, 5)
941 (563, 0.9431278076285381, 5)
942 (641, 0.9771750419069798, 6)
943 (20, 0.9563919387042962, 5)
944 (977, 0.9521569375576733, 8)
945 (1269, 0.8964930692686155, 5)
946 (758, 0.9603126006819555, 5)
947 (391, 0.9137857952084744, 5)
948 (619, 0.8979934940516349, 7)
949 (406, 0.8570769472034084, 8)
950 (73, 0.9609106168904019, 5)
951 (801, 0.9999455242149906, 5)
952 (985, 0.9704925366619066, 5)
953 (629, 0.9142166768261936, 7)
954 (612, 0.9595497504161451, 5)
955 (645, 0.9440334531091741, 6)
956 (1479, 0.979374397742129, 5)
957
958 (176, 0.9642726332070574, 5)
959 (1078, 0.9442028227476246, 5)
960 (664, 0.962318703647191, 6)
961 (1048, 0.9750375269589167, 5)
962 (942, 0.6543853549087392, 7)
963 (223, 0.9419827500271177, 23)
964 (708, 0.9659480840423724, 5)
965 (102, 0.9247183758947313, 5)
966 (206, 0.9407363890506525, 5)
967 (167, 0.9424556203461104, 6)
968 (7, 0.997420592235218, 7)
969 (1147, 0.9960238411119946, 6)
970 (59, 0.9695869368237756, 5)
971 (17, 0.9606025081392936, 5)
972 (649, 0.9802984333779721, 8)
973
974 (892, 0.9099276463983036, 5)
975 (1010, 0.9747467228263228, 7)
976 (413, 0.9717239436591095, 5)
977 (944, 0.9521569375576733, 8)
978 (740, 0.9414668424326283, 5)
979 (1074, 0.9661949368648246, 5)
980 (500, 0.9599836802857431, 6)
981 (100, 0.8238680503870308, 6)
982 (302, 0.9115303026411729, 5)
983 (934, 0.8399913255717485, 7)
984 (930, 0.9585715121828037, 14)
985 (242, 0.9734228761537879, 6)
986 (769, 0.9971829545963565, 5)
987
988 (986, 0.9297381562796455, 5)
989 (153, 0.9835765000028269, 5)
990 (547, 0.9680074195551444, 5)
991 (744, 0.951578643507078, 5)
992
993 (833, 0.9274240238585933, 6)
994 (289, 0.840513352510491, 5)
995 (1197, 0.946328832811628, 5)
996 (628, 0.9998940303926337, 5)
997 (416, 0.8996061629927027, 6)
998 (571, 0.9411027845183718, 5)
999 (756, 0.9594584349982577, 5)
1000 (376, 1.510966203435579, 5)
1001 (1291, 0.8834820544530264, 5)
1002 (111, 0.9953974145432162, 5)
1003 (878, 0.7777206950187743, 5)
1004 (62, 0.999601090182518, 7)
1005 (772, 0.9840196824310146, 5)
1006 (753, 0.9787397201582898, 6)
1007 (444, 0.9646119068078898, 5)
1008 (1171, 0.9841642627692073, 5)
1009 (503, 0.9956603385461223, 5)
1010 (1081, 0.9807006452817845, 5)
1011 (593, 0.9984680335633545, 6)
1012 (1277, 0.964256727582099, 6)
1013 (1059, 0.9642110236227402, 5)
1014 (935, 0.921584994976013, 5)
1015 (304, 0.9118902116445893, 5)
1016 (415, 0.9255384429664234, 7)
1017 (520, 1.0, 5)
1018 (1208, 0.9474506336671281, 5)
1019 (1065, 0.9146169787117668, 5)
1020 (656, 0.9643867249100697, 6)
1021 (856, 0.9684643297537943, 6)
1022 (360, 0.962168023877789, 5)
1023 (1054, 0.834705905295098, 6)
1024 (359, 0.9438798074485388, 6)
1025 (984, 0.953069317831549, 12)
1026
1027
1028 (681, 0.8702295812048869, 5)
1029 (400, 0.9809194787331422, 5)
1030 (720, 0.935919976107001, 8)
1031 (118, 0.8895750147728243, 5)
1032 (1469, 0.9651959657681667, 5)
1033 (1210, 0.9426597836504671, 6)
1034 (163, 0.9084401555297, 5)
1035 (816, 0.9430354358426949, 5)
1036 (243, 0.9803705738219467, 6)
1037 (126, 1.3357174691418903, 5)
1038 (885, 0.9881457024349773, 5)
1039 (1172, 0.9583946166835701, 5)
1040 (391, 0.939356294883096, 5)
1041 (332, 0.9236502878859536, 8)
1042 (1213, 0.9347231519209706, 5)
1043 (367, 0.9565243735573989, 5)
1044 (456, 0.9943431861688748, 5)
1045 (1153, 0.9561561446088792, 5)
1046 (1052, 0.9809550869418143, 5)
1047 (115, 0.9604270044604782, 5)
1048 (961, 0.9750375269589167, 5)
1049 (801, 0.9914437137463566, 5)
1050 (1298, 0.8919700001616782, 5)
1051 (1010, 0.9374957588362424, 5)
1052 (1046, 0.9809550869418143, 5)
1053 (1136, 0.9006966845810215, 7)
1054 (509, 0.9408041189171688, 5)
1055 (366, 0.7897524690279955, 5)
1056 (2, 0.9999805766784161, 5)
1057 (582, 0.908430887402428, 5)
1058 (531, 0.9783528784014843, 5)
1059 (1013, 0.9642110236227402, 5)
1060 (637, 0.9995416677794935, 5)
1061 (3, 0.9309697687715702, 7)
1062 (909, 0.9554354294526681, 5)
1063 (1011, 0.9693685441263544, 5)
1064
1065 (716, 0.9331218160600373, 8)
1066 (778, 0.9746152252496753, 5)
1067 (879, 0.9407462090786923, 6)
1068 (473, 0.9580775275153143, 5)
1069 (1009, 0.9365001636329867, 7)
1070 (650, 0.9454918894173661, 7)
1071 (656, 0.9889847151615445, 5)
1072 (161, 0.9756795282875386, 6)
1073 (730, 0.94184761138781, 6)
1074 (979, 0.9661949368648247, 5)
1075 (111, 0.8933210576482152, 5)
1076 (63, 0.9065346128267281, 8)
1077 (475, 0.8471362267576855, 7)
1078 (959, 0.9442028227476246, 5)
1079 (662, 0.9330266597070412, 7)
1080
1081 (1010, 0.9807006452817845, 5)
1082 (250, 0.7480634126537983, 5)
1083 (288, 0.8701628818886524, 5)
1084 (28, 0.9573211397967165, 9)
1085 (70, 0.9241261020796632, 6)
1086 (285, 0.9377678370702819, 10)
1087 (245, 0.8546179376793823, 5)
1088 (363, 0.9000571307218952, 6)
1089 (529, 0.9353214730726254, 5)
1090 (1239, 0.9997254000211779, 5)
1091 (502, 0.9996807602939392, 5)
1092 (628, 0.9997098084674824, 5)
1093 (301, 0.9313351258253969, 7)
1094 (864, 0.9447375250617109, 5)
1095 (609, 0.9989103774416617, 5)
1096
1097 (1252, 0.9587981127083873, 5)
1098 (426, 0.9893423834907691, 5)
1099 (650, 0.9571139159526753, 5)
1100 (1070, 0.8054802423196816, 5)
1101 (1284, 0.9013977476670177, 7)
1102 (15, 0.8536206873615756, 6)
1103 (537, 0.9769467071012865, 6)
1104
1105 (879, 0.9414579218519287, 5)
1106
1107 (570, 0.9990027425986526, 9)
1108 (529, 0.8137405523292479, 5)
1109 (1471, 0.9685029970864797, 5)
1110 (1219, 0.9567500220205901, 5)
1111 (381, 0.9954155694107679, 6)
1112 (516, 0.8751053471471258, 5)
1113 (522, 0.982936683550871, 5)
1114 (322, 0.9428530535636584, 5)
1115 (244, 0.963387586979672, 5)
1116 (65, 0.8042206856140277, 5)
1117 (443, 0.9286667967556752, 5)
1118 (745, 0.968641056476788, 6)
1119 (840, 0.9999998046101493, 5)
1120 (21, 0.9653633930282663, 5)
1121 (473, 0.9064971067541309, 5)
1122
1123
1124 (729, 0.9704949588309458, 6)
1125
1126 (842, 0.9670307526821085, 6)
1127 (346, 0.6212394225218171, 7)
1128 (547, 0.9196504421942175, 5)
1129 (985, 0.9616040327568822, 5)
1130
1131 (229, 0.7715167498104595, 6)
1132 (717, 0.9733761428147805, 6)
1133 (821, 0.942916768558097, 5)
1134 (740, 0.9626845363501476, 5)
1135 (1183, 0.9257795578528901, 5)
1136 (744, 0.9994891522785199, 6)
1137 (279, 0.9521972456881629, 5)
1138 (181, 0.7052841433059426, 5)
1139 (138, 0.9229932239383188, 5)
1140 (780, 0.9657947753763031, 5)
1141 (26, 0.9710732504078978, 5)
1142 (85, 0.9997204879427216, 5)
1143 (256, 0.9169024907504539, 5)
1144
1145 (62, 0.914490709613719, 5)
1146
1147 (969, 0.9960238411119945, 6)
1148 (747, 0.9948193327435603, 6)
1149 (963, 0.9001186909624793, 6)
1150 (318, 0.9411705527989955, 5)
1151 (508, 0.8809787456390248, 5)
1152 (1277, 0.9662274438323104, 5)
1153 (1045, 0.9561561446088793, 5)
1154 (656, 0.9282791216329139, 5)
1155
1156
1157 (815, 0.9669268911917386, 6)
1158
1159 (207, 0.9693654755542761, 5)
1160 (40, 0.9777608341380515, 7)
1161 (93, 0.8904882287790444, 6)
1162 (240, 0.7531853105001027, 5)
1163 (311, 0.9549544851622431, 6)
1164 (274, 0.7952491873652955, 5)
1165 (931, 0.8934456344740503, 5)
1166 (1048, 0.9373427335378585, 5)
1167 (471, 0.997438999879694, 5)
1168 (694, 0.9617703068784647, 5)
1169 (23, 0.9993916148465942, 6)
1170 (951, 0.958784037314737, 5)
1171 (245, 0.9981702807382693, 5)
1172 (1039, 0.9583946166835701, 5)
1173 (302, 0.8871108291050486, 5)
1174 (160, 0.983675709664478, 5)
1175 (288, -0.3923743250559197, 5)
1176 (909, 0.8695287026600164, 5)
1177 (72, 0.8172014019204683, 6)
1178 (1228, 0.9999081437200555, 8)
1179 (377, 0.9292152121070878, 5)
1180 (790, 0.8954051108608958, 6)
1181 (802, 0.9365629930447484, 5)
1182 (523, 0.9888888914480342, 5)
1183 (1135, 0.9257795578528902, 5)
1184 (1035, 0.9142236145641525, 5)
1185 (720, 0.9509177448539734, 8)
1186
1187 (20, 0.9093628868785025, 5)
1188 (834, 0.8707693401884247, 6)
1189
1190 (220, 0.9344959911542167, 5)
1191
1192 (230, 0.9526493801893104, 5)
1193 (212, 0.958563226829319, 7)
1194 (524, 0.9995987602634585, 5)
1195 (428, 0.9761435769372976, 6)
1196
1197 (324, 0.9471610699400621, 5)
1198 (10, 0.9262963402658678, 5)
1199 (952, 0.9354492678931403, 6)
1200 (137, 0.9817507917772156, 5)
1201
1202 (10, 0.9724294104431036, 5)
1203 (1286, 0.9422990758498161, 5)
1204 (525, 0.8351292644962253, 8)
1205 (89, 0.8422852280294355, 5)
1206 (940, 0.9517634016127627, 5)
1207 (425, 0.9156598312360437, 7)
1208 (270, 0.9837279670640018, 5)
1209 (815, 0.9184622190832031, 5)
1210 (1033, 0.9426597836504671, 6)
1211 (151, 0.8326581797812797, 5)
1212 (218, 0.8772468006605114, 5)
1213 (1042, 0.9347231519209706, 5)
1214 (48, 0.9855488907597538, 5)
1215 (1110, 0.9532932982970334, 5)
1216 (50, 0.4448131096795493, 6)
1217 (538, 0.9147222080603068, 5)
1218 (420, 0.9669027744756439, 6)
1219 (1110, 0.9567500220205901, 5)
1220 (1518, 0.9325048082403137, 5)
1221 (1400, 0.9534519351038738, 5)
1222 (674, 0.9502694586677055, 5)
1223
1224 (51, 0.941817298108081, 5)
1225 (1058, 0.9582733485461854, 5)
1226 (616, 0.9982952742169765, 5)
1227 (181, 0.8945915729971093, 5)
1228 (1178, 0.9999081437200557, 8)
1229 (554, 0.9304705525870289, 5)
1230 (1090, 0.919055434178076, 6)
1231 (1437, 0.9649012813540155, 5)
1232 (158, 0.9194711945130513, 6)
1233 (286, 0.7859722142654222, 5)
1234 (271, 0.7773944049739702, 5)
1235
1236
1237 (750, 0.7923310527688537, 5)
1238 (272, 0.8266288461906471, 6)
1239 (1090, 0.9997254000211779, 5)
1240 (854, 0.978986171171, 5)
1241 (286, 0.7996639408508583, 6)
1242 (100, -0.504325377166792, 5)
1243 (271, 0.8872783736522423, 5)
1244 (469, 0.9963438481348056, 5)
1245 (840, 0.9524769269709906, 5)
1246 (95, 0.9251836659998248, 6)
1247 (402, 0.828696393915817, 5)
1248 (570, 0.9959579861189568, 6)
1249 (199, 0.9660812415250689, 5)
1250 (1035, 0.7361375313306888, 5)
1251 (257, 0.8786829220526019, 7)
1252 (235, 0.9955466822689245, 5)
1253 (540, 0.9351092291919271, 5)
1254 (122, 0.8838718451383776, 5)
1255 (137, 0.757535323856356, 5)
1256
1257
1258 (840, 0.9101668564192967, 5)
1259
1260
1261
1262 (402, 0.9386285994340019, 5)
1263 (90, 0.9142317819796103, 6)
1264 (121, 0.871880852514355, 6)
1265 (874, 0.9332544361929549, 7)
1266 (1021, 0.917531231114261, 5)
1267 (516, 0.9577454385357632, 5)
1268 (170, 0.9602049313304473, 5)
1269 (588, 0.9916453978779007, 7)
1270 (28, 0.8407438409638142, 6)
1271 (434, 0.7558196905429758, 5)
1272 (508, 0.6794132348214085, 5)
1273 (254, 0.9459242382777939, 5)
1274 (930, 0.9719331333005642, 5)
1275
1276 (876, 0.9586016351599594, 5)
1277 (367, 0.9989700733203889, 5)
1278 (281, 0.9023612477505163, 7)
1279 (82, 0.9045855325470475, 5)
1280 (123, 0.9888148371633855, 5)
1281 (236, 0.933754090716105, 5)
1282 (471, 0.9063645347882402, 7)
1283 (831, 0.9565110007833879, 5)
1284 (887, 0.9486917320696806, 5)
1285 (77, 0.9998829845310547, 6)
1286 (1203, 0.942299075849816, 5)
1287 (294, 0.7085610053002506, 5)
1288 (20, 0.9469571548662771, 5)
1289 (678, 0.9325948380209572, 5)
1290
1291 (603, 0.9184476153743218, 5)
1292
1293
1294 (333, 0.8152886203964809, 5)
1295 (266, 0.9956841844259399, 5)
1296 (24, 0.9441107968092947, 5)
1297 (322, 0.9650501953113454, 6)
1298 (605, 0.9284766908852597, 5)
1299 (657, 0.9582877607731983, 5)
1300 (174, 0.9756238770314447, 5)
1301 (121, 0.8513669407945882, 5)
1302 (258, -0.3411613318661256, 5)
1303 (826, 0.8628226280725615, 6)
1304
1305 (184, 0.9702016974139833, 5)
1306
1307
1308
1309
1310
1311 (387, 0.8880748894464048, 7)
1312 (100, 0.975526541560952, 6)
1313 (322, 0.8731960373841413, 7)
1314 (1074, 0.8650915682563511, 5)
1315 (280, 0.9361743704785757, 5)
1316 (313, 0.5342081954678514, 6)
1317
1318
1319
1320
1321
1322 (1011, 0.9763988667887095, 5)
1323
1324 (3, 0.713129118624419, 5)
1325
1326 (117, 0.9088219144372692, 5)
1327
1328 (475, 0.627365415024316, 5)
1329
1330
1331
1332
1333 (100, 0.30137046927740185, 5)
1334
1335 (324, 0.925181813490563, 5)
1336 (120, 0.9620009661276122, 5)
1337 (118, 0.9404601317208076, 8)
1338
1339
1340
1341
1342
1343
1344 (286, 0.9461569064619582, 5)
1345
1346
1347
1348
1349
1350
1351
1352
1353
1354
1355
1356
1357
1358
1359
1360
1361
1362
1363
1364
1365
1366
1367 (100, 0.6405579894405359, 5)
1368 (93, 0.8111883463668942, 5)
1369
1370
1371
1372
1373
1374
1375 (93, 0.9570906177242803, 5)
1376 (455, 0.941219996558299, 6)
1377
1378 (302, 0.4770491438601352, 5)
1379 (137, 0.999030159972344, 5)
1380 (276, 0.5740681304346301, 5)
1381 (100, 0.7220463116254475, 7)
1382
1383 (455, 0.7372161815073549, 5)
1384
1385 (258, 0.5331997267924254, 5)
1386 (302, 0.23749336283875247, 5)
1387
1388 (302, 0.8905746570860555, 5)
1389
1390
1391
1392 (286, 0.6400179547581534, 5)
1393 (301, 0.870438838455775, 5)
1394 (308, 0.9417037285424755, 6)
1395 (882, 0.8581476730290196, 5)
1396 (382, 0.37642390646312496, 5)
1397 (506, 0.9087224461633796, 5)
1398
1399 (300, 0.23082575313290624, 5)
1400 (723, 0.9993332372250714, 5)
1401 (124, 0.9819874604749971, 5)
1402
1403
1404 (649, 0.9603073475346872, 5)
1405 (302, 0.7795789156105093, 6)
1406 (402, 0.47942040097067773, 5)
1407 (759, 0.9993188955228127, 5)
1408
1409 (239, 0.9669680236228978, 5)
1410
1411 (456, 0.8988717401533671, 5)
1412 (432, 0.7847642160277869, 5)
1413 (998, 0.8706654454064459, 5)
1414
1415 (720, 0.9818705488632047, 5)
1416 (831, 0.9922026100638296, 5)
1417
1418
1419 (280, 0.8597336457995667, 5)
1420
1421 (1248, 0.9895537512932997, 5)
1422
1423
1424
1425 (110, 0.9164812487037894, 5)
1426 (676, 0.8319757764049122, 5)
1427 (7, 0.7490372844278883, 5)
1428 (693, 0.9995710277690809, 5)
1429
1430
1431
1432
1433
1434 (352, 0.8802356586817048, 5)
1435 (33, 0.9177254712085094, 6)
1436
1437 (1231, 0.9649012813540154, 5)
1438 (48, 0.8605904315191781, 5)
1439 (723, 0.9913784062123971, 6)
1440 (732, 0.8749572785196141, 5)
1441 (211, 0.9701447437095518, 5)
1442 (196, 0.6940141253011687, 5)
1443
1444 (380, 0.8538780614020839, 13)
1445
1446 (43, 0.9827076298239908, 5)
1447
1448
1449 (664, 0.9862778154328399, 5)
1450
1451 (381, 0.9518605578567332, 5)
1452
1453
1454 (136, 0.98137270099006, 5)
1455
1456 (675, 0.9221770118314685, 5)
1457
1458
1459 (431, 0.9383093118050609, 5)
1460
1461
1462 (381, 0.9821952959015582, 5)
1463
1464
1465
1466 (423, 0.8049844718999243, 5)
1467
1468 (182, 0.9400182397856204, 5)
1469 (1032, 0.9651959657681667, 5)
1470 (230, 0.6932346703697922, 5)
1471 (763, 0.9985378634769465, 5)
1472
1473 (100, 0.9236403793984552, 5)
1474 (70, 0.7195285231931121, 5)
1475 (59, 0.9674416068574642, 5)
1476
1477
1478 (120, 0.9102626431689139, 5)
1479 (31, 0.9863108641351972, 5)
1480 (441, 0.8972772514012192, 5)
1481
1482
1483 (496, 0.9277137944218565, 5)
1484
1485
1486
1487 (175, 0.4564038178609109, 5)
1488
1489 (96, 0.8451057007828395, 5)
1490
1491
1492
1493
1494
1495 (1007, 0.5534086116000355, 5)
1496 (926, 0.7505409221433456, 5)
1497
1498
1499
1500
1501 (170, 0.6011598327657368, 5)
1502
1503 (746, 0.9268343575361842, 6)
1504
1505
1506
1507
1508
1509 (2, 0.7288171472101421, 5)
1510
1511 (286, 0.38408061265458604, 5)
1512 (98, 0.870528843187588, 5)
1513
1514 (475, 0.949920629549864, 5)
1515
1516
1517 (95, 0.84647684265623, 5)
1518 (1119, 0.9353769702369994, 5)
1519
1520
1521
1522 (168, 0.9673744091216009, 5)
1523
1524 (1021, 0.8571712845624782, 5)
1525
1526
1527 (887, 0.8924364702809926, 5)
1528
1529 (179, 0.8234892759988263, 5)
1530 (367, 0.7941651913269819, 5)
1531 (183, 0.9539204833439724, 5)
1532
1533
1534 (181, 0.4094265569064253, 5)
1535
1536
1537
1538
1539
1540 (679, 0.9299071035061075, 5)
1541
1542
1543
1544
1545
1546
1547
1548
1549
1550
1551
1552
1553
1554
1555 (169, 0.802162769916422, 5)
1556
1557
1558 (855, 0.7146641668966801, 5)
1559
1560
1561
1562
1563
1564
1565
1566
1567
1568
1569
1570
1571
1572
1573
1574
1575
1576
1577
1578
1579
1580
1581
1582
1583
1584
1585
1586
1587
1588
1589
1590
1591 (313, -0.15944823895942772, 6)
1592 (313, -4.3731070172521774e-17, 5)
1593
1594
1595
1596
1597
1598 (127, 0.7640475319198933, 5)
1599
1600
1601
1602
1603
1604
1605
1606
1607
1608
1609
1610
1611
1612
1613
1614
1615 (109, 0.9002837010149275, 5)
1616
1617
1618
1619
1620 (125, 0.9170951068079792, 6)
1621
1622
1623
1624
1625
1626
1627
1628
1629
1630
1631
1632
1633
1634
1635
1636
1637
1638
1639
1640
1641
1642
1643
1644
1645
1646
1647
1648
1649
1650
1651
1652
1653
1654
1655
1656
1657
1658
1659
1660
1661
1662
1663
1664
1665
1666
1667
1668
1669
1670
1671
1672
1673
1674
1675
1676
1677
1678
1679
1680
1681
1682
