3.3307e-16
4.4409e-16
2.4980e-16
4.9960e-16
1.3878e-16
5.8287e-16
7.2164e-16
7.7716e-16
3.8858e-16
1.6098e-15
2.7756e-16
1.4988e-15
-1.1102e-16
1.8874e-15
-4.4409e-16
2.6645e-15
-1.1102e-16
2.8866e-15
2.2204e-16
2.1094e-15
4.4409e-16
1.6653e-15
5.5511e-16
8.8818e-16
4.4409e-16
4.4409e-16
8.8818e-16
5.5511e-16
1.6653e-15
4.4409e-16
2.1094e-15
2.2204e-16
2.5535e-15
0.0000e+00
2.1094e-15
-2.2204e-16
1.5543e-15
1.1102e-16
1.3323e-15
6.1062e-16
1.7208e-15
3.3307e-16
8.8818e-16
4.4409e-16
6.9389e-16
1.1102e-16
4.9960e-16
3.1919e-16
4.5797e-16
3.3307e-16
