#      Cp
     0.31672
     0.19201
     0.13705
     0.09142
     0.05384
     0.02140
    -0.00710
    -0.03257
    -0.05566
    -0.07687
    -0.09657
    -0.11503
    -0.13246
    -0.14905
    -0.16492
    -0.18019
    -0.19495
    -0.20927
    -0.22322
    -0.23686
    -0.25023
    -0.26337
    -0.27633
    -0.28914
    -0.30183
    -0.31442
    -0.32693
    -0.33940
    -0.35185
    -0.36430
    -0.37678
    -0.38931
    -0.40193
    -0.41470
    -0.42768
    -0.44104
    -0.45481
    -0.47055
    -0.48768
    -0.50259
    -0.51502
    -0.52621
    -0.53625
    -0.54524
    -0.55319
    -0.56006
    -0.56583
    -0.57041
    -0.57374
    -0.57571
    -0.57621
    -0.57509
    -0.57218
    -0.56729
    -0.56019
    -0.55061
    -0.53825
    -0.52282
    -0.50400
    -0.48155
    -0.45533
    -0.42530
    -0.39149
    -0.35393
    -0.31255
    -0.26710
    -0.21718
    -0.16220
    -0.10140
    -0.03387
     0.04138
     0.12537
     0.21894
     0.32249
     0.43546
     0.55557
     0.67795
     0.79438
     0.89361
     0.96328
     0.99358
     0.97901
     0.91647
     0.80877
     0.66850
     0.51366
     0.36113
     0.22225
     0.10232
     0.00229
    -0.07930
    -0.14485
    -0.19686
    -0.23763
    -0.26904
    -0.29264
    -0.30963
    -0.32090
    -0.32717
    -0.32900
    -0.32691
    -0.32142
    -0.31316
    -0.30278
    -0.29092
    -0.27814
    -0.26488
    -0.25144
    -0.23803
    -0.22481
    -0.21186
    -0.19926
    -0.18705
    -0.17529
    -0.16399
    -0.15319
    -0.14292
    -0.13324
    -0.12419
    -0.11587
    -0.10841
    -0.10243
    -0.09868
    -0.09453
    -0.08859
    -0.08224
    -0.07562
    -0.06887
    -0.06207
    -0.05526
    -0.04848
    -0.04173
    -0.03503
    -0.02840
    -0.02183
    -0.01530
    -0.00884
    -0.00242
     0.00398
     0.01036
     0.01677
     0.02320
     0.02971
     0.03632
     0.04310
     0.05009
     0.05738
     0.06504
     0.07320
     0.08203
     0.09170
     0.10251
     0.11485
     0.12928
     0.14660
     0.16804
     0.19618
     0.23324
     0.33297
