#      Cp
     0.32211
     0.18867
     0.12638
     0.07306
     0.02785
    -0.01218
    -0.04818
    -0.08105
    -0.11148
    -0.13997
    -0.16692
    -0.19265
    -0.21737
    -0.24129
    -0.26456
    -0.28731
    -0.30966
    -0.33171
    -0.35352
    -0.37517
    -0.39673
    -0.41827
    -0.43983
    -0.46148
    -0.48327
    -0.50523
    -0.52743
    -0.54992
    -0.57275
    -0.59597
    -0.61963
    -0.64383
    -0.66864
    -0.69416
    -0.72052
    -0.74797
    -0.77665
    -0.80850
    -0.84292
    -0.87552
    -0.90605
    -0.93610
    -0.96586
    -0.99559
    -1.02538
    -1.05537
    -1.08565
    -1.11634
    -1.14757
    -1.17947
    -1.21221
    -1.24599
    -1.28106
    -1.31772
    -1.35632
    -1.39728
    -1.44105
    -1.48813
    -1.53891
    -1.59364
    -1.65231
    -1.71459
    -1.77989
    -1.84747
    -1.91658
    -1.98650
    -2.05642
    -2.12549
    -2.19250
    -2.25571
    -2.31269
    -2.35983
    -2.39201
    -2.40212
    -2.38068
    -2.31599
    -2.19526
    -2.00751
    -1.74844
    -1.42558
    -1.06311
    -0.68353
    -0.29666
     0.07437
     0.39604
     0.64690
     0.82183
     0.92893
     0.98233
     0.99660
     0.98389
     0.95338
     0.91153
     0.86281
     0.81015
     0.75558
     0.70044
     0.64572
     0.59225
     0.54080
     0.49221
     0.44728
     0.40672
     0.37093
     0.33996
     0.31354
     0.29122
     0.27242
     0.25662
     0.24333
     0.23212
     0.22264
     0.21460
     0.20773
     0.20182
     0.19670
     0.19217
     0.18810
     0.18433
     0.18072
     0.17707
     0.17284
     0.16742
     0.16271
     0.15976
     0.15746
     0.15570
     0.15435
     0.15331
     0.15254
     0.15198
     0.15161
     0.15141
     0.15133
     0.15138
     0.15154
     0.15180
     0.15215
     0.15258
     0.15313
     0.15377
     0.15453
     0.15542
     0.15647
     0.15770
     0.15915
     0.16088
     0.16296
     0.16546
     0.16852
     0.17230
     0.17704
     0.18307
     0.19088
     0.20127
     0.21540
     0.23569
     0.26473
     0.35210
