#      Cp
     0.31962
     0.20031
     0.14943
     0.10797
     0.07444
     0.04597
     0.02134
    -0.00033
    -0.01971
    -0.03725
    -0.05331
    -0.06816
    -0.08199
    -0.09496
    -0.10722
    -0.11883
    -0.12991
    -0.14050
    -0.15068
    -0.16048
    -0.16995
    -0.17911
    -0.18801
    -0.19667
    -0.20510
    -0.21332
    -0.22135
    -0.22919
    -0.23687
    -0.24440
    -0.25177
    -0.25901
    -0.26614
    -0.27318
    -0.28018
    -0.28725
    -0.29444
    -0.30306
    -0.31257
    -0.31977
    -0.32442
    -0.32755
    -0.32925
    -0.32956
    -0.32844
    -0.32583
    -0.32165
    -0.31577
    -0.30806
    -0.29836
    -0.28646
    -0.27213
    -0.25511
    -0.23509
    -0.21171
    -0.18458
    -0.15328
    -0.11741
    -0.07666
    -0.03091
     0.01971
     0.07481
     0.13378
     0.19601
     0.26098
     0.32831
     0.39778
     0.46924
     0.54246
     0.61706
     0.69228
     0.76677
     0.83825
     0.90312
     0.95594
     0.98905
     0.99263
     0.95583
     0.86926
     0.72891
     0.53868
     0.30164
     0.02450
    -0.26852
    -0.54569
    -0.78192
    -0.96464
    -1.09360
    -1.17593
    -1.22128
    -1.23883
    -1.23611
    -1.21883
    -1.19114
    -1.15593
    -1.11525
    -1.07054
    -1.02279
    -0.97284
    -0.92144
    -0.86942
    -0.81771
    -0.76730
    -0.71905
    -0.67356
    -0.63114
    -0.59177
    -0.55532
    -0.52156
    -0.49023
    -0.46110
    -0.43394
    -0.40858
    -0.38484
    -0.36262
    -0.34183
    -0.32237
    -0.30419
    -0.28731
    -0.27174
    -0.25756
    -0.24545
    -0.23616
    -0.22671
    -0.21552
    -0.20410
    -0.19261
    -0.18118
    -0.16989
    -0.15874
    -0.14778
    -0.13701
    -0.12643
    -0.11604
    -0.10583
    -0.09577
    -0.08588
    -0.07611
    -0.06645
    -0.05686
    -0.04734
    -0.03782
    -0.02829
    -0.01868
    -0.00893
     0.00101
     0.01124
     0.02186
     0.03299
     0.04482
     0.05756
     0.07150
     0.08707
     0.10485
     0.12567
     0.15074
     0.18271
     0.22357
     0.32878
