#      Cp
     0.31755
     0.18812
     0.12934
     0.07974
     0.03825
     0.00195
    -0.03036
    -0.05957
    -0.08636
    -0.11124
    -0.13458
    -0.15668
    -0.17776
    -0.19800
    -0.21757
    -0.23656
    -0.25509
    -0.27324
    -0.29108
    -0.30868
    -0.32610
    -0.34337
    -0.36057
    -0.37773
    -0.39488
    -0.41207
    -0.42934
    -0.44671
    -0.46422
    -0.48192
    -0.49985
    -0.51805
    -0.53659
    -0.55554
    -0.57500
    -0.59517
    -0.61614
    -0.63965
    -0.66511
    -0.68852
    -0.70961
    -0.72980
    -0.74924
    -0.76807
    -0.78635
    -0.80413
    -0.82142
    -0.83824
    -0.85461
    -0.87050
    -0.88593
    -0.90090
    -0.91542
    -0.92949
    -0.94311
    -0.95632
    -0.96908
    -0.98140
    -0.99320
    -1.00437
    -1.01471
    -1.02395
    -1.03172
    -1.03758
    -1.04106
    -1.04153
    -1.03825
    -1.03028
    -1.01639
    -0.99497
    -0.96395
    -0.92066
    -0.86177
    -0.78330
    -0.68083
    -0.55015
    -0.38858
    -0.19702
     0.01785
     0.24249
     0.45769
     0.64941
     0.80902
     0.92349
     0.98357
     0.99168
     0.95881
     0.89889
     0.82438
     0.74429
     0.66432
     0.58766
     0.51587
     0.44953
     0.38872
     0.33325
     0.28286
     0.23731
     0.19644
     0.16020
     0.12863
     0.10179
     0.07962
     0.06188
     0.04816
     0.03789
     0.03053
     0.02549
     0.02232
     0.02061
     0.02006
     0.02040
     0.02143
     0.02296
     0.02485
     0.02697
     0.02921
     0.03146
     0.03360
     0.03550
     0.03700
     0.03750
     0.03633
     0.03575
     0.03696
     0.03872
     0.04091
     0.04338
     0.04605
     0.04888
     0.05181
     0.05483
     0.05792
     0.06105
     0.06423
     0.06743
     0.07067
     0.07395
     0.07726
     0.08061
     0.08404
     0.08755
     0.09116
     0.09491
     0.09885
     0.10300
     0.10744
     0.11225
     0.11752
     0.12340
     0.13009
     0.13781
     0.14696
     0.15806
     0.17190
     0.18967
     0.21391
     0.24701
     0.34077
