21 21
0 0
0 2
0 3
0 4
0 5
0 6
0 7
0 8
0 9
0 10
0 11
0 12
0 13
0 14
0 15
0 16
0 17
0 18
0 19
0 20
1 0
1 2
1 20
2 0
2 2
2 4
2 6
2 7
2 8
2 9
2 10
2 11
2 12
2 14
2 15
2 16
2 18
2 20
3 0
3 2
3 4
3 6
3 12
3 16
3 18
3 20
4 0
4 2
4 3
4 4
4 6
4 8
4 9
4 10
4 12
4 13
4 14
4 15
4 16
4 18
4 20
5 0
5 6
5 18
5 20
6 0
6 2
6 4
6 5
6 6
6 8
6 10
6 11
6 12
6 13
6 14
6 15
6 16
6 18
6 20
7 0
7 2
7 4
7 8
7 10
7 16
7 18
7 20
8 0
8 2
8 4
8 6
8 7
8 8
8 9
8 10
8 12
8 13
8 14
8 15
8 16
8 18
8 20
9 0
9 2
9 4
9 6
9 12
9 18
9 20
10 0
10 2
10 3
10 4
10 5
10 6
10 8
10 9
10 10
10 12
10 13
10 14
10 15
10 16
10 17
10 18
10 20
11 0
11 8
11 10
11 20
12 0
12 2
12 3
12 4
12 5
12 6
12 8
12 10
12 11
12 12
12 13
12 14
12 16
12 17
12 18
12 20
13 0
13 2
13 6
13 10
13 16
13 18
13 20
14 0
14 2
14 3
14 4
14 6
14 7
14 8
14 10
14 11
14 12
14 14
14 15
14 16
14 18
14 20
15 0
15 4
15 8
15 12
15 14
15 18
15 20
16 0
16 2
16 3
16 4
16 6
16 8
16 10
16 12
16 14
16 15
16 16
16 18
16 20
17 0
17 2
17 4
17 6
17 8
17 12
17 16
17 18
17 20
18 0
18 2
18 4
18 5
18 6
18 8
18 9
18 10
18 11
18 12
18 14
18 15
18 16
18 18
18 20
19 0
19 18
19 20
20 0
20 1
20 2
20 3
20 4
20 5
20 6
20 7
20 8
20 9
20 10
20 11
20 12
20 13
20 14
20 15
20 16
20 17
20 18
20 20
