0 1
1 1
2 1
3 1
4 1
5 1
6 1
7 1
8 1
9 1
10 1
11 1
12 1
13 1
13 2
13 3
14 3
15 3
15 2
15 1
16 1
17 1
18 1
19 1
20 1
21 1
22 1
23 1
24 1
25 1
26 1
27 1
28 1
29 1
30 1
31 1
32 1
33 1
34 1
35 1
36 1
37 1
38 1
39 1
40 1
41 1
42 1
43 1
44 1
45 1
46 1
47 1
48 1
49 1
50 1
51 1
52 1
53 1
54 1
55 1
56 1
57 1
58 1
59 1
60 1
61 1
62 1
63 1
64 1
65 1
66 1
67 1
68 1
69 1
70 1
71 1
72 1
73 1
74 1
75 1
76 1
77 1
78 1
79 1
80 1
81 1
82 1
83 1
84 1
85 1
86 1
87 1
88 1
89 1
90 1
91 1
92 1
93 1
94 1
95 1
96 1
97 1
98 1
99 1
100 1
101 1
102 1
103 1
104 1
105 1
106 1
107 1
107 2
107 3
108 3
109 3
110 3
111 3
112 3
113 3
113 2
113 1
112 1
111 1
110 1
109 1
110 1
111 1
112 1
113 1
114 1
115 1
116 1
117 1
118 1
119 1
120 1
121 1
122 1
123 1
124 1
125 1
126 1
127 1
128 1
129 1
130 1
131 1
132 1
133 1
133 2
133 3
134 3
135 3
136 3
137 3
137 2
137 1
136 1
135 1
136 1
137 1
138 1
139 1
140 1
141 1
142 1
143 1
144 1
145 1
146 1
147 1
148 1
149 1
150 1
151 1
152 1
153 1
154 1
155 1
156 1
157 1
158 1
159 1
160 1
161 1
162 1
163 1
164 1
165 1
166 1
167 1
168 1
169 1
170 1
171 1
172 1
173 1
174 1
175 1
176 1
177 1
177 2
177 3
177 4
177 5
178 5
179 5
180 5
181 5
181 4
181 3
182 3
183 3
184 3
185 3
185 2
185 1
184 1
183 1
182 1
181 1
180 1
179 1
179 2
179 3
179 2
179 1
180 1
181 1
182 1
183 1
184 1
185 1
186 1
187 1
188 1
189 1
190 1
191 1
192 1
193 1
194 1
195 1
196 1
197 1
198 1
199 1
199 2
199 3
199 4
199 5
199 6
199 7
199 8
199 9
199 10
199 11
199 12
199 13
199 14
199 15
199 16
199 17
199 18
199 19
199 20
199 21
199 22
199 23
199 24
199 25
199 26
199 27
199 28
199 29
199 30
199 31
199 32
199 33
199 34
199 35
199 36
199 37
199 38
199 39
199 40
199 41
199 42
199 43
199 44
199 45
199 46
199 47
199 48
199 49
199 50
199 51
199 52
199 53
199 54
199 55
199 56
199 57
199 58
199 59
199 60
199 61
199 62
199 63
199 64
199 65
199 66
199 67
199 68
199 69
199 70
199 71
199 72
199 73
199 74
199 75
199 76
199 77
199 78
199 79
199 80
199 81
199 82
199 83
199 84
199 85
199 86
199 87
199 88
199 89
199 90
199 91
198 91
197 91
197 92
197 93
198 93
199 93
199 94
199 95
199 96
199 97
199 98
199 99
199 100
199 101
199 102
199 103
199 104
199 105
199 106
199 107
199 108
199 109
199 110
199 111
199 112
199 113
199 114
199 115
199 116
199 117
199 118
199 119
199 120
199 121
199 122
199 123
199 122
199 121
199 120
199 119
199 118
199 117
198 117
197 117
196 117
195 117
194 117
193 117
193 118
193 119
193 120
193 121
194 121
195 121
196 121
197 121
197 120
197 119
196 119
195 119
196 119
197 119
197 120
197 121
197 122
197 123
197 124
197 125
198 125
199 125
198 125
197 125
197 126
197 127
197 126
197 125
197 124
197 123
197 122
197 121
196 121
195 121
194 121
193 121
193 122
193 123
193 122
193 121
192 121
191 121
190 121
189 121
188 121
187 121
186 121
185 121
185 122
185 123
185 124
185 125
186 125
187 125
188 125
189 125
190 125
191 125
191 124
191 123
190 123
189 123
188 123
187 123
188 123
189 123
190 123
191 123
191 124
191 125
192 125
193 125
194 125
195 125
195 124
195 123
195 124
195 125
195 126
195 127
195 128
195 129
196 129
197 129
198 129
199 129
199 128
199 127
199 128
199 129
199 130
199 131
199 132
199 133
199 134
199 135
199 136
199 137
199 138
199 139
199 140
199 141
199 142
199 143
199 144
199 145
199 146
199 147
198 147
197 147
197 148
197 149
197 150
197 151
197 152
197 153
197 154
197 155
197 156
197 157
197 156
197 155
196 155
195 155
195 156
195 157
195 158
195 159
196 159
197 159
198 159
199 159
199 158
199 157
199 156
199 155
199 154
199 153
199 152
199 151
199 150
199 149
199 150
199 151
199 152
199 153
199 154
199 155
199 156
199 157
199 158
199 159
199 160
199 161
199 162
199 163
199 164
199 165
199 166
199 167
199 168
199 169
199 170
199 171
199 172
199 173
199 174
199 175
199 176
199 177
199 178
199 179
199 180
199 181
199 182
199 183
199 184
199 185
199 186
199 187
199 188
199 189
199 190
199 191
199 192
199 193
199 194
199 195
199 196
199 197
199 198
199 199
200 199
